
S_diff =

    1.5140


f_diff =

    0.6379